0.4125000000 0.2714285714
0.5250000000 0.0342857143
0.6375000000 0.0104081633
0.7500000000 0.0051428571
0.8625000000 0.0033061224
0.9750000000 0.0024285714
1.0875000000 0.0018979592
1.2000000000 0.0016122449
1.3125000000 0.0014081633
1.4250000000 0.0012448980
1.5375000000 0.0011632653
1.6500000000 0.0010816327
1.7625000000 0.0010408163
1.8750000000 0.0010000000
1.9875000000 0.0009673469
2.1000000000 0.0009428571
2.2125000000 0.0009265306
2.3250000000 0.0009102041
2.4375000000 0.0009020408
2.5500000000 0.0009020408
2.6625000000 0.0008938776
2.7750000000 0.0008938776
2.8875000000 0.0009020408
3.0000000000 0.0009020408
3.0000000000 0.0009020408
7.0416666667 0.0011224490
11.0833333333 0.0010000000
15.1250000000 0.0010816327
19.1666666667 0.0009510204
23.2083333333 0.0008285714
27.2500000000 0.0007714286
31.2916666667 0.0006979592
35.3333333333 0.0006489796
39.3750000000 0.0006244898
43.4166666667 0.0006244898
47.4583333333 0.0006244898
51.5000000000 0.0006408163
55.5416666667 0.0006653061
59.5833333333 0.0006897959
63.6250000000 0.0007224490
67.6666666667 0.0007632653
71.7083333333 0.0008040816
75.7500000000 0.0008448980
79.7916666667 0.0008857143
83.8333333333 0.0009428571
87.8750000000 0.0009918367
91.9166666667 0.0010408163
95.9583333333 0.0010816327
100.0000000000 0.0011632653
125.0000000000 0.0016122449
150.0000000000 0.0021428571
175.0000000000 0.0028367347
200.0000000000 0.0036734694
225.0000000000 0.0046530612
250.0000000000 0.0058775510
275.0000000000 0.0073061224
300.0000000000 0.0090204082
325.0000000000 0.0108163265
350.0000000000 0.0132653061
375.0000000000 0.0161224490
400.0000000000 0.0189795918
425.0000000000 0.0226530612
450.0000000000 0.0267346939
475.0000000000 0.0312244898
500.0000000000 0.0361224490
525.0000000000 0.0416326531
550.0000000000 0.0477551020
575.0000000000 0.0544897959
600.0000000000 0.0616326531
625.0000000000 0.0697959184
650.0000000000 0.0779591837
675.0000000000 0.0877551020
700.0000000000 0.0975510204
700.0000000000 0.0975510204
714.2857142857 0.1000000000
728.5714285714 0.1081632653
742.8571428571 0.1163265306
757.1428571429 0.1204081633
771.4285714286 0.1285714286
785.7142857143 0.1367346939
800.0000000000 0.1448979592
814.2857142857 0.1530612245
828.5714285714 0.1612244898
842.8571428571 0.1693877551
857.1428571429 0.1775510204
871.4285714286 0.1857142857
885.7142857143 0.1938775510
900.0000000000 0.2061224490