0.3000000000 1.0000000000
0.4125000000 1.0000000000
0.5250000000 1.0000000000
0.6375000000 1.0000000000
0.7500000000 1.0000000000
0.8625000000 1.0000000000
0.9750000000 0.4653061224
1.0875000000 0.1000000000
1.2000000000 0.0324489796
1.3125000000 0.0140816327
1.4250000000 0.0077959184
1.5375000000 0.0050204082
1.6500000000 0.0035510204
1.7625000000 0.0027551020
1.8750000000 0.0022244898
1.9875000000 0.0018571429
2.1000000000 0.0016122449
2.2125000000 0.0014081633
2.3250000000 0.0012857143
2.4375000000 0.0011632653
2.5500000000 0.0010816327
2.6625000000 0.0010408163
2.7750000000 0.0009836735
2.8875000000 0.0009428571
3.0000000000 0.0009102041
3.0000000000 0.0009102041
7.0416666667 0.0011224490
11.0833333333 0.0009265306
15.1250000000 0.0008938776
19.1666666667 0.0009673469
23.2083333333 0.0010816327
27.2500000000 0.0008775510
31.2916666667 0.0007469388
35.3333333333 0.0006897959
39.3750000000 0.0006571429
43.4166666667 0.0006408163
47.4583333333 0.0005938776
51.5000000000 0.0005571429
55.5416666667 0.0005448980
59.5833333333 0.0005387755
63.6250000000 0.0005448980
67.6666666667 0.0005632653
71.7083333333 0.0005816327
75.7500000000 0.0006081633
79.7916666667 0.0006408163
83.8333333333 0.0006734694
87.8750000000 0.0007142857
91.9166666667 0.0007632653
95.9583333333 0.0008122449
100.0000000000 0.0008693878
125.0000000000 0.0012857143
150.0000000000 0.0018979592
175.0000000000 0.0027551020
200.0000000000 0.0038571429
225.0000000000 0.0053265306
250.0000000000 0.0072244898
275.0000000000 0.0096734694
300.0000000000 0.0128571429
325.0000000000 0.0165306122
350.0000000000 0.0214285714
375.0000000000 0.0275510204
400.0000000000 0.0348979592
425.0000000000 0.0434693878
450.0000000000 0.0532653061
475.0000000000 0.0648979592
500.0000000000 0.0787755102
525.0000000000 0.0942857143
550.0000000000 0.1081632653
575.0000000000 0.1285714286
600.0000000000 0.1530612245
625.0000000000 0.1775510204
650.0000000000 0.2061224490
675.0000000000 0.2387755102
700.0000000000 0.2714285714
700.0000000000 0.2714285714
714.2857142857 0.2918367347
728.5714285714 0.3122448980
742.8571428571 0.3367346939
757.1428571429 0.3612244898
771.4285714286 0.3918367347
785.7142857143 0.4163265306
800.0000000000 0.4469387755
814.2857142857 0.4775510204
828.5714285714 0.5081632653
842.8571428571 0.5448979592
857.1428571429 0.5816326531
871.4285714286 0.6163265306
885.7142857143 0.6571428571
900.0000000000 0.6897959184
