0.3000000000 0.0000000000
0.4421052632 1.0000000000
0.5842105263 1.0000000000
0.7263157895 1.0000000000
0.8684210526 1.0000000000
1.0105263158 1.0000000000
1.1526315789 1.0000000000
1.2947368421 1.0000000000
1.4368421053 1.0000000000
1.5789473684 1.0000000000
1.7210526316 1.0000000000
1.8631578947 1.0000000000
2.0052631579 1.0000000000
2.1473684211 0.1326530612
2.2894736842 0.0279591837
2.4315789474 0.0090204082
2.5736842105 0.0041020408
2.7157894737 0.0023061224
2.8578947368 0.0014897959
3.0000000000 0.0010408163
7.0416666667 0.0003244898
11.0833333333 0.0002959184
15.1250000000 0.0002632653
19.1666666667 0.0002714286
23.2083333333 0.0003061224
27.2500000000 0.0003612245
31.2916666667 0.0003979592
35.3333333333 0.0002877551
39.3750000000 0.0002346939
43.4166666667 0.0002061224
47.4583333333 0.0001938776
51.5000000000 0.0001897959
55.5416666667 0.0001857143
59.5833333333 0.0001857143
63.6250000000 0.0001734694
67.6666666667 0.0001612245
71.7083333333 0.0001571429
75.7500000000 0.0001571429
79.7916666667 0.0001653061
83.8333333333 0.0001734694
87.8750000000 0.0001857143
91.9166666667 0.0002020408
95.9583333333 0.0002224490
100.0000000000 0.0002428571
129.1666666667 0.0004959184
158.3333333333 0.0009755102
187.5000000000 0.0017755102
216.6666666667 0.0030612245
245.8333333333 0.0051428571
275.0000000000 0.0085306122
304.1666666667 0.0136734694
333.3333333333 0.0218367347
362.5000000000 0.0342857143
391.6666666667 0.0514285714
420.8333333333 0.0755102041
450.0000000000 0.1081632653
479.1666666667 0.1489795918
508.3333333333 0.2061224490
537.5000000000 0.2795918367
566.6666666667 0.3673469388
595.8333333333 0.4836734694
625.0000000000 0.6244897959
654.1666666667 0.7959183673
683.3333333333 1.0000000000
712.5000000000 1.0000000000
741.6666666667 1.0000000000
770.8333333333 1.0000000000
800.0000000000 1.0000000000
