1.1052631579 1.0000000000
1.2105263158 1.0000000000
1.3157894737 1.0000000000
1.4210526316 1.0000000000
1.5263157895 1.0000000000
1.6315789474 1.0000000000
1.7368421053 1.0000000000
1.8421052632 1.0000000000
1.9473684211 1.0000000000
2.0526315789 1.0000000000
2.1578947368 0.4653061224
2.2631578947 0.1448979592
2.3684210526 0.0557142857
2.4736842105 0.0251020408
2.5789473684 0.0132653061
2.6842105263 0.0079591837
2.7894736842 0.0053265306
2.8947368421 0.0038571429
3.0000000000 0.0029591837
7.0416666667 0.0008775510
11.0833333333 0.0008122449
15.1250000000 0.0007142857
19.1666666667 0.0007306122
23.2083333333 0.0008367347
27.2500000000 0.0009836735
31.2916666667 0.0010816327
35.3333333333 0.0007877551
39.3750000000 0.0006408163
43.4166666667 0.0005632653
47.4583333333 0.0005326531
51.5000000000 0.0005204082
55.5416666667 0.0005081633
59.5833333333 0.0005020408
63.6250000000 0.0004653061
67.6666666667 0.0004346939
71.7083333333 0.0004285714
75.7500000000 0.0004285714
79.7916666667 0.0004469388
83.8333333333 0.0004714286
87.8750000000 0.0005081633
91.9166666667 0.0005510204
95.9583333333 0.0006000000
100.0000000000 0.0006653061
125.0000000000 0.0012040816
150.0000000000 0.0022244898
175.0000000000 0.0039183673
200.0000000000 0.0068163265
225.0000000000 0.0116326531
250.0000000000 0.0193877551
275.0000000000 0.0318367347
300.0000000000 0.0502040816
325.0000000000 0.0763265306
350.0000000000 0.1122448980
375.0000000000 0.1612244898
400.0000000000 0.2306122449
425.0000000000 0.3183673469
450.0000000000 0.4346938776
475.0000000000 0.5755102041
500.0000000000 0.7632653061
525.0000000000 0.9918367347
550.0000000000 1.0000000000