0.3000000000 0.0000000000
0.4421052632 1.0000000000
0.5842105263 1.0000000000
0.7263157895 1.0000000000
0.8684210526 1.0000000000
1.0105263158 1.0000000000
1.1526315789 1.0000000000
1.2947368421 1.0000000000
1.4368421053 1.0000000000
1.5789473684 1.0000000000
1.7210526316 1.0000000000
1.8631578947 1.0000000000
2.0052631579 1.0000000000
2.1473684211 0.2632653061
2.2894736842 0.0563265306
2.4315789474 0.0169387755
2.5736842105 0.0073061224
2.7157894737 0.0039795918
2.8578947368 0.0025102041
3.0000000000 0.0017755102
7.0416666667 0.0005326531
11.0833333333 0.0004897959
15.1250000000 0.0004346939
19.1666666667 0.0004469388
23.2083333333 0.0005081633
27.2500000000 0.0006000000
31.2916666667 0.0006571429
35.3333333333 0.0004775510
39.3750000000 0.0003857143
43.4166666667 0.0003428571
47.4583333333 0.0003244898
51.5000000000 0.0003122449
55.5416666667 0.0003061224
59.5833333333 0.0003061224
63.6250000000 0.0002836735
67.6666666667 0.0002632653
71.7083333333 0.0002591837
75.7500000000 0.0002632653
79.7916666667 0.0002714286
83.8333333333 0.0002877551
87.8750000000 0.0003061224
91.9166666667 0.0003367347
95.9583333333 0.0003673469
100.0000000000 0.0004040816
129.1666666667 0.0008204082
158.3333333333 0.0016122449
187.5000000000 0.0030000000
216.6666666667 0.0053265306
245.8333333333 0.0094285714
275.0000000000 0.0161224490
304.1666666667 0.0271428571
333.3333333333 0.0434693878
362.5000000000 0.0681632653
391.6666666667 0.1000000000
420.8333333333 0.1489795918
450.0000000000 0.2142857143
479.1666666667 0.3000000000
508.3333333333 0.4163265306
537.5000000000 0.5571428571
566.6666666667 0.7387755102
595.8333333333 0.9755102041
625.0000000000 1.0000000000
654.1666666667 1.0000000000
683.3333333333 1.0000000000
712.5000000000 1.0000000000
741.6666666667 1.0000000000
770.8333333333 1.0000000000
800.0000000000 1.0000000000
