0.1000000000 1.0000000000
0.1375000000 1.0000000000
0.1750000000 1.0000000000
0.2125000000 1.0000000000
0.2500000000 1.0000000000
0.2875000000 1.0000000000
0.3250000000 1.0000000000
0.3625000000 1.0000000000
0.4000000000 1.0000000000
0.4375000000 1.0000000000
0.4750000000 1.0000000000
0.5125000000 1.0000000000
0.5500000000 1.0000000000
0.5875000000 1.0000000000
0.6250000000 1.0000000000
0.6625000000 1.0000000000
0.7000000000 1.0000000000
0.7375000000 1.0000000000
0.7750000000 1.0000000000
0.8125000000 1.0000000000
0.8500000000 1.0000000000
0.8875000000 1.0000000000
0.9250000000 1.0000000000
0.9625000000 1.0000000000
1.0000000000 1.0000000000
3.7647058824 0.0013673469
6.5294117647 0.0008612245
9.2941176471 0.0010816327
12.0588235294 0.0009428571
14.8235294118 0.0008693878
17.5882352941 0.0008367347
20.3529411765 0.0008530612
23.1176470588 0.0009020408
25.8823529412 0.0009755102
28.6470588235 0.0010408163
31.4117647059 0.0010000000
34.1764705882 0.0009020408
36.9411764706 0.0008122449
39.7058823529 0.0007469388
42.4705882353 0.0007061224
45.2352941176 0.0006734694
48.0000000000 0.0006489796
50.7647058824 0.0006326531
53.5294117647 0.0006244898
56.2941176471 0.0006163265
59.0588235294 0.0006163265
61.8235294118 0.0005877551
64.5882352941 0.0005632653
67.3529411765 0.0005510204
70.1176470588 0.0005387755
72.8823529412 0.0005326531
75.6470588235 0.0005265306
78.4117647059 0.0005326531
81.1764705882 0.0005326531
83.9411764706 0.0005448980
86.7058823529 0.0005510204
89.4705882353 0.0005693878
92.2352941176 0.0005877551
95.0000000000 0.0006081633
111.8750000000 0.0008040816
128.7500000000 0.0011632653
145.6250000000 0.0017346939
162.5000000000 0.0027551020
179.3750000000 0.0044693878
196.2500000000 0.0076326531
213.1250000000 0.0136734694
230.0000000000 0.0255102041
246.8750000000 0.0477551020
263.7500000000 0.0902040816
280.6250000000 0.1693877551
297.5000000000 0.3122448980
314.3750000000 0.5816326531
331.2500000000 1.0000000000
348.1250000000 1.0000000000
365.0000000000 1.0000000000
381.8750000000 1.0000000000
398.7500000000 1.0000000000
415.6250000000 1.0000000000
432.5000000000 1.0000000000
449.3750000000 1.0000000000
466.2500000000 1.0000000000
483.1250000000 0.0000000000
450.0000000000 0.0000000000
463.1578947368 0.0000000000
476.3157894737 0.0000000000
489.4736842105 0.0000000000
502.6315789474 0.0000000000
515.7894736842 0.0000000000
528.9473684211 0.0000000000
542.1052631579 0.0000000000
555.2631578947 0.0000000000
568.4210526316 0.0000000000
581.5789473684 0.0000000000
594.7368421053 0.0000000000
607.8947368421 0.0000000000
621.0526315789 0.0000000000
634.2105263158 0.0000000000
647.3684210526 0.0000000000
660.5263157895 0.0000000000
673.6842105263 0.0000000000
686.8421052632 0.0000000000
700.0000000000 0.0000000000
