0.7500000000 0.8250000000
0.8157894737 0.4593750000
0.8815789474 0.2750000000
0.9473684211 0.1718750000
1.0131578947 0.1156250000
1.0789473684 0.0800000000
1.1447368421 0.0571875000
1.2105263158 0.0421875000
1.2763157895 0.0318750000
1.3421052632 0.0246875000
1.4078947368 0.0196875000
1.4736842105 0.0159375000
1.5394736842 0.0131250000
1.6052631579 0.0109375000
1.6710526316 0.0095000000
1.7368421053 0.0082500000
1.8026315789 0.0071875000
1.8684210526 0.0063750000
1.9342105263 0.0057187500
2.0000000000 0.0051562500
2.2857142857 0.0036122449
2.9285714286 0.0021428571
3.5714285714 0.0015714286
4.2142857143 0.0013265306
4.8571428571 0.0012040816
5.5000000000 0.0011224490
6.1428571429 0.0011224490
6.7857142857 0.0011224490
7.4285714286 0.0011632653
8.0714285714 0.0012040816
8.7142857143 0.0012448980
9.3571428571 0.0012857143
10.0000000000 0.0012448980
11.1428571429 0.0011562500
20.2857142857 0.0010625000
29.4285714286 0.0010000000
38.5714285714 0.0008437500
47.7142857143 0.0007500000
56.8571428571 0.0006875000
66.0000000000 0.0006625000
75.1428571429 0.0006687500
84.2857142857 0.0006875000
93.4285714286 0.0007250000
102.5714285714 0.0007812500
111.7142857143 0.0008500000
120.8571428571 0.0009375000
130.0000000000 0.0010312500
139.1428571429 0.0011562500
148.2857142857 0.0012812500
157.4285714286 0.0014687500
166.5714285714 0.0016562500
175.7142857143 0.0018750000
184.8571428571 0.0021250000
194.0000000000 0.0024375000
203.1428571429 0.0027500000
212.2857142857 0.0031406250
221.4285714286 0.0035625000
230.5714285714 0.0040781250
239.7142857143 0.0046875000
248.8571428571 0.0053437500
258.0000000000 0.0061250000
267.1428571429 0.0070000000
276.2857142857 0.0080625000
285.4285714286 0.0093125000
294.5714285714 0.0106250000
303.7142857143 0.0121875000
312.8571428571 0.0143750000
322.0000000000 0.0165625000
331.1428571429 0.0190625000
340.2857142857 0.0221875000
349.4285714286 0.0256250000
358.5714285714 0.0296875000
367.7142857143 0.0342187500
376.8571428571 0.0398437500
386.0000000000 0.0459375000
395.1428571429 0.0529687500
404.2857142857 0.0606250000
413.4285714286 0.0700000000
422.5714285714 0.0800000000
431.7142857143 0.0918750000
440.8571428571 0.1031250000
450.0000000000 0.1187500000
463.1578947368 0.1437500000
476.3157894737 0.1750000000
489.4736842105 0.2125000000
502.6315789474 0.2562500000
515.7894736842 0.3046875000
528.9473684211 0.3656250000
542.1052631579 0.4359375000
555.2631578947 0.5203125000
568.4210526316 0.6187500000
581.5789473684 0.7375000000
594.7368421053 0.8750000000
