0.1000000000 1.0000000000
0.1692307692 1.0000000000
0.2384615385 1.0000000000
0.3076923077 1.0000000000
0.3769230769 1.0000000000
0.4461538462 1.0000000000
0.5153846154 1.0000000000
0.5846153846 1.0000000000
0.6538461538 0.5632653061
0.7230769231 0.2673469388
0.7923076923 0.1408163265
0.8615384615 0.0795918367
0.9307692308 0.0483673469
1.0000000000 0.0312244898
1.6666666667 0.0030000000
2.3333333333 0.0012040816
3.0000000000 0.0007469388
3.6666666667 0.0005632653
4.3333333333 0.0004836735
5.0000000000 0.0004408163
5.6666666667 0.0004224490
6.3333333333 0.0004163265
7.2666666667 0.0004285714
13.5333333333 0.0003979592
19.8000000000 0.0003857143
26.0666666667 0.0004040816
32.3333333333 0.0003428571
38.6000000000 0.0003122449
44.8666666667 0.0002877551
51.1333333333 0.0002632653
57.4000000000 0.0002510204
63.6666666667 0.0002428571
69.9333333333 0.0002428571
76.2000000000 0.0002469388
82.4666666667 0.0002510204
88.7333333333 0.0002591837
95.0000000000 0.0002714286
123.9285714286 0.0003551020
152.8571428571 0.0005081633
181.7857142857 0.0007469388
210.7142857143 0.0010816327
239.6428571429 0.0016122449
268.5714285714 0.0023877551
297.5000000000 0.0034897959
326.4285714286 0.0051428571
355.3571428571 0.0076326531
384.2857142857 0.0116326531
413.2142857143 0.0173469388
442.1428571429 0.0267346939
471.0714285714 0.0404081633
450.0000000000 0.0300000000
473.6842105263 0.0422448980
497.3684210526 0.0593877551
521.0526315789 0.0820408163
544.7368421053 0.1122448980
568.4210526316 0.1530612245
592.1052631579 0.2102040816
615.7894736842 0.2836734694
639.4736842105 0.3795918367
663.1578947368 0.5081632653
686.8421052632 0.6734693878
710.5263157895 0.8938775510
734.2105263158 1.0000000000
757.8947368421 1.0000000000
781.5789473684 1.0000000000
805.2631578947 1.0000000000
828.9473684211 1.0000000000
852.6315789474 1.0000000000
876.3157894737 1.0000000000
900.0000000000 1.0000000000
