0.1000000000 1.0000000000
0.1692307692 1.0000000000
0.2384615385 1.0000000000
0.3076923077 1.0000000000
0.3769230769 1.0000000000
0.4461538462 1.0000000000
0.5153846154 1.0000000000
0.5846153846 1.0000000000
0.6538461538 1.0000000000
0.7230769231 0.5326530612
0.7923076923 0.2795918367
0.8615384615 0.1571428571
0.9307692308 0.0975510204
1.0000000000 0.0624489796
1.6666666667 0.0052653061
2.3333333333 0.0020204082
3.0000000000 0.0012040816
3.6666666667 0.0009346939
4.3333333333 0.0007959184
5.0000000000 0.0007224490
5.6666666667 0.0006979592
6.3333333333 0.0006897959
7.2666666667 0.0007061224
13.5333333333 0.0006571429
19.8000000000 0.0006408163
26.0666666667 0.0006653061
32.3333333333 0.0005632653
38.6000000000 0.0005081633
44.8666666667 0.0004714286
51.1333333333 0.0004346939
57.4000000000 0.0004163265
63.6666666667 0.0004040816
69.9333333333 0.0003979592
76.2000000000 0.0004040816
82.4666666667 0.0004102041
88.7333333333 0.0004285714
95.0000000000 0.0004469388
123.9285714286 0.0005877551
152.8571428571 0.0008367347
181.7857142857 0.0012040816
210.7142857143 0.0018163265
239.6428571429 0.0027142857
268.5714285714 0.0040408163
297.5000000000 0.0060816327
326.4285714286 0.0093469388
355.3571428571 0.0144897959
384.2857142857 0.0222448980
413.2142857143 0.0348979592
442.1428571429 0.0532653061
471.0714285714 0.0812244898
450.0000000000 0.0600000000
473.6842105263 0.0844897959
497.3684210526 0.1163265306
521.0526315789 0.1612244898
544.7368421053 0.2265306122
568.4210526316 0.3061224490
592.1052631579 0.4224489796
615.7894736842 0.5693877551
639.4736842105 0.7632653061
663.1578947368 1.0000000000
686.8421052632 1.0000000000
710.5263157895 1.0000000000
734.2105263158 1.0000000000
757.8947368421 1.0000000000
781.5789473684 1.0000000000
805.2631578947 1.0000000000
828.9473684211 1.0000000000
852.6315789474 1.0000000000
876.3157894737 1.0000000000
900.0000000000 1.0000000000
