0.1000000000 1.0000000000
0.1375000000 1.0000000000
0.1750000000 1.0000000000
0.2125000000 1.0000000000
0.2500000000 0.8612244898
0.2875000000 0.4836734694
0.3250000000 0.3000000000
0.3625000000 0.1979591837
0.4000000000 0.1367346939
0.4375000000 0.1000000000
0.4750000000 0.0771428571
0.5125000000 0.0600000000
0.5500000000 0.0483673469
0.5875000000 0.0391836735
0.6250000000 0.0324489796
0.6625000000 0.0275510204
0.7000000000 0.0234693878
0.7375000000 0.0206122449
0.7750000000 0.0177551020
0.8125000000 0.0157142857
0.8500000000 0.0140816327
0.8875000000 0.0128571429
0.9250000000 0.0116326531
0.9625000000 0.0104081633
1.0000000000 0.0099183673
3.7647058824 0.0019387755
6.5294117647 0.0016938776
9.2941176471 0.0015714286
12.0588235294 0.0013673469
14.8235294118 0.0011632653
17.5882352941 0.0010408163
20.3529411765 0.0009755102
23.1176470588 0.0009265306
25.8823529412 0.0008857143
28.6470588235 0.0008612245
31.4117647059 0.0008367347
34.1764705882 0.0008285714
36.9411764706 0.0008122449
39.7058823529 0.0008040816
42.4705882353 0.0008040816
45.2352941176 0.0008040816
48.0000000000 0.0008040816
50.7647058824 0.0008040816
53.5294117647 0.0008040816
56.2941176471 0.0008122449
59.0588235294 0.0008122449
61.8235294118 0.0008204082
64.5882352941 0.0008285714
67.3529411765 0.0008367347
70.1176470588 0.0008448980
72.8823529412 0.0008530612
75.6470588235 0.0008612245
78.4117647059 0.0008693878
81.1764705882 0.0008775510
83.9411764706 0.0008857143
86.7058823529 0.0009020408
89.4705882353 0.0009102041
92.2352941176 0.0009265306
95.0000000000 0.0009346939
111.8750000000 0.0010000000
128.7500000000 0.0010816327
145.6250000000 0.0012040816
162.5000000000 0.0013265306
179.3750000000 0.0014489796
196.2500000000 0.0015714286
213.1250000000 0.0017346939
230.0000000000 0.0018979592
246.8750000000 0.0020612245
263.7500000000 0.0022653061
280.6250000000 0.0024693878
297.5000000000 0.0026734694
314.3750000000 0.0029183673
331.2500000000 0.0031836735
348.1250000000 0.0034285714
365.0000000000 0.0037346939
381.8750000000 0.0040408163
398.7500000000 0.0044081633
415.6250000000 0.0047755102
432.5000000000 0.0051428571
449.3750000000 0.0055714286
466.2500000000 0.0060816327
483.1250000000 0.0065714286
450.0000000000 0.0056326531
463.1578947368 0.0060000000
476.3157894737 0.0063265306
489.4736842105 0.0067346939
502.6315789474 0.0072244898
515.7894736842 0.0076326531
528.9473684211 0.0081224490
542.1052631579 0.0086938776
555.2631578947 0.0091836735
568.4210526316 0.0098367347
581.5789473684 0.0104081633
594.7368421053 0.0108163265
607.8947368421 0.0116326531
621.0526315789 0.0124489796
634.2105263158 0.0132653061
647.3684210526 0.0140816327
660.5263157895 0.0148979592
673.6842105263 0.0157142857
686.8421052632 0.0165306122
700.0000000000 0.0177551020
700.0000000000 0.0177551020
733.3333333333 0.0206122449
766.6666666667 0.0238775510
800.0000000000 0.0271428571
833.3333333333 0.0312244898
866.6666666667 0.0355102041
900.0000000000 0.0410204082
933.3333333333 0.0465306122
966.6666666667 0.0526530612
1000.0000000000 0.0593877551