3.0000000000 0.0008612245
5.8529411765 0.0010408163
8.7058823529 0.0012040816
11.5588235294 0.0011224490
14.4117647059 0.0010408163
17.2647058824 0.0010000000
20.1176470588 0.0010000000
22.9705882353 0.0010000000
25.8235294118 0.0010000000
28.6764705882 0.0010408163
31.5294117647 0.0010816327
34.3823529412 0.0011224490
37.2352941176 0.0011632653
40.0882352941 0.0011632653
42.9411764706 0.0011224490
45.7941176471 0.0010816327
48.6470588235 0.0010408163
51.5000000000 0.0010000000
54.3529411765 0.0009755102
57.2058823529 0.0009346939
60.0588235294 0.0009020408
62.9117647059 0.0008775510
65.7647058824 0.0008612245
68.6176470588 0.0008448980
71.4705882353 0.0008285714
74.3235294118 0.0008204082
77.1764705882 0.0008122449
80.0294117647 0.0008122449
82.8823529412 0.0007959184
85.7352941176 0.0007795918
88.5882352941 0.0007632653
91.4411764706 0.0007469388
94.2941176471 0.0007306122
97.1470588235 0.0007224490
100.0000000000 0.0007061224
120.6896551724 0.0006897959
141.3793103448 0.0007306122
162.0689655172 0.0007959184
182.7586206897 0.0008857143
203.4482758621 0.0010000000
224.1379310345 0.0011224490
244.8275862069 0.0013265306
265.5172413793 0.0015714286
286.2068965517 0.0018571429
306.8965517241 0.0022244898
327.5862068966 0.0026734694
348.2758620690 0.0032448980
368.9655172414 0.0039795918
389.6551724138 0.0048979592
410.3448275862 0.0060816327
431.0344827586 0.0076326531
451.7241379310 0.0097551020
472.4137931034 0.0124489796
493.1034482759 0.0161224490
513.7931034483 0.0210204082
534.4827586207 0.0275510204
555.1724137931 0.0361224490
575.8620689655 0.0483673469
596.5517241379 0.0640816327
617.2413793103 0.0844897959
637.9310344828 0.1122448980
658.6206896552 0.1489795918
679.3103448276 0.1979591837
700.0000000000 0.2673469388
733.3333333333 0.4224489796
766.6666666667 0.6816326531
800.0000000000 1.0000000000