3.0000000000 0.0010000000
5.8529411765 0.0012857143
8.7058823529 0.0013673469
11.5588235294 0.0012448980
14.4117647059 0.0011632653
17.2647058824 0.0011224490
20.1176470588 0.0011224490
22.9705882353 0.0011224490
25.8235294118 0.0011224490
28.6764705882 0.0011224490
31.5294117647 0.0010816327
34.3823529412 0.0010816327
37.2352941176 0.0010408163
40.0882352941 0.0010000000
42.9411764706 0.0010000000
45.7941176471 0.0010000000
48.6470588235 0.0009836735
51.5000000000 0.0009591837
54.3529411765 0.0009510204
57.2058823529 0.0009346939
60.0588235294 0.0009183673
62.9117647059 0.0009020408
65.7647058824 0.0008857143
68.6176470588 0.0008775510
71.4705882353 0.0008612245
74.3235294118 0.0008530612
77.1764705882 0.0008367347
80.0294117647 0.0008285714
82.8823529412 0.0008204082
85.7352941176 0.0008122449
88.5882352941 0.0007959184
91.4411764706 0.0007877551
94.2941176471 0.0007795918
97.1470588235 0.0007714286
100.0000000000 0.0007714286
120.6896551724 0.0007959184
141.3793103448 0.0009020408
162.0689655172 0.0010408163
182.7586206897 0.0012040816
203.4482758621 0.0014489796
224.1379310345 0.0017346939
244.8275862069 0.0021020408
265.5172413793 0.0025918367
286.2068965517 0.0031836735
306.8965517241 0.0039795918
327.5862068966 0.0050204082
348.2758620690 0.0064081633
368.9655172414 0.0082040816
389.6551724138 0.0104081633
410.3448275862 0.0140816327
431.0344827586 0.0185714286
451.7241379310 0.0251020408
472.4137931034 0.0336734694
493.1034482759 0.0453061224
513.7931034483 0.0608163265
534.4827586207 0.0828571429
555.1724137931 0.1122448980
575.8620689655 0.1489795918
596.5517241379 0.2061224490
617.2413793103 0.2795918367
637.9310344828 0.3795918367
658.6206896552 0.5142857143
679.3103448276 0.6979591837
700.0000000000 0.9510204082
733.3333333333 1.0000000000