3.0000000000 0.0007469388
5.8529411765 0.0007795918
8.7058823529 0.0010000000
11.5588235294 0.0010816327
14.4117647059 0.0010408163
17.2647058824 0.0010000000
20.1176470588 0.0009836735
22.9705882353 0.0009591837
25.8235294118 0.0009428571
28.6764705882 0.0009346939
31.5294117647 0.0009346939
34.3823529412 0.0009346939
37.2352941176 0.0009428571
40.0882352941 0.0009510204
42.9411764706 0.0009591837
45.7941176471 0.0009755102
48.6470588235 0.0010000000
51.5000000000 0.0010000000
54.3529411765 0.0010408163
57.2058823529 0.0010408163
60.0588235294 0.0010816327
62.9117647059 0.0010408163
65.7647058824 0.0010000000
68.6176470588 0.0009918367
71.4705882353 0.0009591837
74.3235294118 0.0009346939
77.1764705882 0.0009102041
80.0294117647 0.0008938776
82.8823529412 0.0008775510
85.7352941176 0.0008612245
88.5882352941 0.0008448980
91.4411764706 0.0008367347
94.2941176471 0.0008204082
97.1470588235 0.0008122449
100.0000000000 0.0008040816
120.6896551724 0.0007387755
141.3793103448 0.0006897959
162.0689655172 0.0006571429
182.7586206897 0.0006489796
203.4482758621 0.0006571429
224.1379310345 0.0006734694
244.8275862069 0.0007061224
265.5172413793 0.0007551020
286.2068965517 0.0008204082
306.8965517241 0.0008938776
327.5862068966 0.0010000000
348.2758620690 0.0011224490
368.9655172414 0.0012448980
389.6551724138 0.0014081633
410.3448275862 0.0016122449
431.0344827586 0.0018571429
451.7241379310 0.0021836735
472.4137931034 0.0025510204
493.1034482759 0.0029591837
513.7931034483 0.0034897959
534.4827586207 0.0041020408
555.1724137931 0.0049591837
575.8620689655 0.0059387755
596.5517241379 0.0072244898
617.2413793103 0.0088571429
637.9310344828 0.0108163265
658.6206896552 0.0132653061
679.3103448276 0.0169387755
700.0000000000 0.0214285714
700.0000000000 0.0214285714
733.3333333333 0.0312244898
766.6666666667 0.0483673469
800.0000000000 0.0681632653
833.3333333333 0.1040816327
866.6666666667 0.0942857143
900.0000000000 0.1408163265
933.3333333333 0.2142857143
966.6666666667 0.3367346939
1000.0000000000 0.5265306122
