3.1000000000 0.0005204082
5.8685714286 0.0006408163
8.6371428571 0.0007469388
11.4057142857 0.0006979592
14.1742857143 0.0006489796
16.9428571429 0.0006244898
19.7114285714 0.0006081633
22.4800000000 0.0006081633
25.2485714286 0.0006163265
28.0171428571 0.0006326531
30.7857142857 0.0006571429
33.5542857143 0.0006734694
36.3228571429 0.0007061224
39.0914285714 0.0007224490
41.8600000000 0.0006979592
44.6285714286 0.0006734694
47.3971428571 0.0006408163
50.1657142857 0.0006244898
52.9342857143 0.0006000000
55.7028571429 0.0005816327
58.4714285714 0.0005571429
61.2400000000 0.0005448980
64.0085714286 0.0005265306
66.7771428571 0.0005142857
69.5457142857 0.0005081633
72.3142857143 0.0005020408
75.0828571429 0.0004959184
77.8514285714 0.0004959184
80.6200000000 0.0004897959
83.3885714286 0.0004836735
86.1571428571 0.0004714286
88.9257142857 0.0004591837
91.6942857143 0.0004530612
94.4628571429 0.0004408163
97.2314285714 0.0004346939
100.0000000000 0.0004285714
124.1379310345 0.0004224490
148.2758620690 0.0004530612
172.4137931034 0.0005081633
196.5517241379 0.0005816327
220.6896551724 0.0006816327
244.8275862069 0.0008040816
268.9655172414 0.0009755102
293.1034482759 0.0011632653
317.2413793103 0.0014489796
341.3793103448 0.0018163265
365.5172413793 0.0022653061
389.6551724138 0.0028367347
413.7931034483 0.0036122449
437.9310344828 0.0045918367
462.0689655172 0.0060000000
486.2068965517 0.0078775510
510.3448275862 0.0104081633
534.4827586207 0.0140816327
558.6206896552 0.0193877551
582.7586206897 0.0267346939
606.8965517241 0.0367346939
631.0344827586 0.0514285714
655.1724137931 0.0714285714
679.3103448276 0.1000000000
703.4482758621 0.1367346939
727.5862068966 0.1938775510
751.7241379310 0.2755102041
775.8620689655 0.3857142857
800.0000000000 0.5387755102
822.2222222222 0.7387755102
844.4444444444 1.0000000000