3.1000000000 0.0003122449
5.8685714286 0.0003918367
8.6371428571 0.0004530612
11.4057142857 0.0004224490
14.1742857143 0.0003979592
16.9428571429 0.0003795918
19.7114285714 0.0003673469
22.4800000000 0.0003673469
25.2485714286 0.0003734694
28.0171428571 0.0003857143
30.7857142857 0.0003979592
33.5542857143 0.0004102041
36.3228571429 0.0004285714
39.0914285714 0.0004408163
41.8600000000 0.0004224490
44.6285714286 0.0004040816
47.3971428571 0.0003918367
50.1657142857 0.0003734694
52.9342857143 0.0003612245
55.7028571429 0.0003489796
58.4714285714 0.0003367347
61.2400000000 0.0003306122
64.0085714286 0.0003183673
66.7771428571 0.0003122449
69.5457142857 0.0003061224
72.3142857143 0.0003061224
75.0828571429 0.0003000000
77.8514285714 0.0003000000
80.6200000000 0.0003000000
83.3885714286 0.0002918367
86.1571428571 0.0002877551
88.9257142857 0.0002795918
91.6942857143 0.0002755102
94.4628571429 0.0002714286
97.2314285714 0.0002632653
100.0000000000 0.0002591837
124.1379310345 0.0002551020
148.2758620690 0.0002755102
172.4137931034 0.0003061224
196.5517241379 0.0003489796
220.6896551724 0.0004102041
244.8275862069 0.0004897959
268.9655172414 0.0005938776
293.1034482759 0.0007224490
317.2413793103 0.0008857143
341.3793103448 0.0010816327
365.5172413793 0.0013265306
389.6551724138 0.0016938776
413.7931034483 0.0021020408
437.9310344828 0.0026734694
462.0689655172 0.0034285714
486.2068965517 0.0044081633
510.3448275862 0.0056938776
534.4827586207 0.0075510204
558.6206896552 0.0100000000
582.7586206897 0.0136734694
606.8965517241 0.0185714286
631.0344827586 0.0255102041
655.1724137931 0.0355102041
679.3103448276 0.0495918367
703.4482758621 0.0697959184
727.5862068966 0.0975510204
751.7241379310 0.1367346939
775.8620689655 0.1897959184
800.0000000000 0.2714285714
822.2222222222 0.3673469388
844.4444444444 0.5081632653
866.6666666667 0.6979591837
888.8888888889 0.9591836735