0.5071575869 0.0226092444
0.5314708591 0.0213885849
0.5550968691 0.0202130563
0.5778156351 0.0195297548
0.6014791826 0.0186286568
0.6240133817 0.0179461036
0.6495527332 0.0173324828
0.6784448272 0.0162296659
0.7015034777 0.0157844249
0.7229327710 0.0153254184
0.7575526854 0.0148559324
0.7833389745 0.0141410675
0.7992381225 0.0136767392
0.8319903759 0.0129377854
0.8602462644 0.0127341312
0.8924972728 0.0121318873
0.9167011413 0.0117683323
0.9447512079 0.0111924106
0.9834420353 0.0107158793
1.0168667816 0.0104521711
1.0549633263 0.0101113123
1.0944599268 0.0098800641
1.1392535123 0.0095621102
1.1584807527 0.0093406549
1.1859393730 0.0090596166
1.2303701610 0.0087563101
1.2893223768 0.0084191622
1.3421579610 0.0079840307
1.4064664012 0.0076810512
1.4787389118 0.0074818810
1.5239867281 0.0071395095
1.5863203527 0.0069922234
1.6292996740 0.0068730237
1.7016016237 0.0067429853
1.8010030534 0.0065943677
1.8809245277 0.0064702620
1.9580522719 0.0060881294
2.0450446867 0.0058572902
2.1216087823 0.0057311763
2.1719497321 0.0055161604
8.8333333333 0.0003979592
12.7500000000 0.0003428571
16.6666666667 0.0003000000
20.5833333333 0.0003000000
24.5000000000 0.0003489796
28.4166666667 0.0004224490
32.3333333333 0.0005265306
36.2500000000 0.0005693878
40.1666666667 0.0004469388
44.0833333333 0.0003551020
48.0000000000 0.0002836735
51.9166666667 0.0002387755
55.8333333333 0.0002224490
59.7500000000 0.0002142857
63.6666666667 0.0002142857
67.5833333333 0.0002102041
71.5000000000 0.0002061224
75.4166666667 0.0001979592
79.3333333333 0.0001897959
83.2500000000 0.0001734694
87.1666666667 0.0001775510
91.0833333333 0.0002714286
