1.66810053720006 0.00196639556517364
1.84784979742229 0.00170193251220765
2.15443469003188 0.00139052442459316
2.44843674682223 0.00123950688983116
2.71227257933203 0.00107280402390592
3.08239923974515 0.000956292428634640
3.59381366380463 0.000852710651158005
4.52434334661675 0.000677332146264931
4.88527357151939 0.000586047057131339
5.27499706370262 0.000537501582012280
6.47308203701040 0.000465815336780953
7.17060097040961 0.000415091136490295
8.14912746902074 0.000380953537942827
9.26118728128794 0.000339580180422824
10.7977516232771 0.000302798211193754
11.9612833307875 0.000277805736617298
13.5935639087853 0.000247634718586485
14.6779926762207 0.000227121783791453
17.5567629127500 0.000208578065757861
19.9526231496888 0.000197085836462968
24.4843674682223 0.000175852148735477
27.8255940220712 0.000176137129427355
34.1454887383360 0.000176594059454385
38.8051073221018 0.000182111575981671
51.4175182768393 0.000188166755827705
58.4341413373518 0.000199784866561101
68.1292069057961 0.000231578165370568
75.4705956696891 0.000253066629227999
90.2725177948458 0.000285004896005664
102.591436547001 0.000330252941738853
119.612833307876 0.000371812073455742
129.154966501489 0.000430562862971589
143.072298919376 0.000498758483022641
162.596469388148 0.000561340583354693
175.567629127501 0.000613229538494074
189.573565240638 0.000710127197588659
199.526231496888 0.000798454828628334