0.200116109592310 0.994949094122756
0.200116109592310 0.855278254649484
0.200116109592310 0.722960766218006
0.197184055651264 0.611179556543945
0.197184055651264 0.459283906447378
0.200116109592310 0.356899045514897
0.197184055651264 0.286880920508082
0.197184055651264 0.242498448868958
0.197184055651264 0.208456544489562
0.200116109592310 0.182210996629741
0.203091762090474 0.148914350797262
0.221898234145897 0.132300327980475
0.242446201708233 0.115580885948801
0.264896928761053 0.0992914487030298
0.293730279098970 0.0867341557141915
0.330545134757325 0.0783466106771996
0.371974201797982 0.0695906673602482
0.412462638290135 0.0587801607227491
0.444054113426803 0.0558597526188835
0.485173906712839 0.0488004814131996
0.514681385675694 0.0433652700294224
0.596541999615364 0.0372375176816087
0.642232542222936 0.0342176690166786
0.691422630017805 0.0309186732541013
0.801394124150493 0.0269996905851288
0.888623816274341 0.0243913386169870
0.970911146870756 0.0216700545087395
1.04527549532043 0.0183076816551108